route_id,service_id,trip_id
1,107,292268
1,155,1587233
1,192,342651
1,258,1430454
1,288,1618996
1,30,1257450
1,30,1308687
1,30,184904
1,327,610896
1,426,1800672
1,426,511618
1,426,545966
1,426,804903
1,464,1342209
1,481,277365
1,583,1485213
1,583,242785
1,583,424197
1,583,475268
10,125,149059
10,125,761231
10,127,922663
10,152,424231
10,162,568933
10,162,752043
10,163,923928
10,173,653308
10,225,1028253
10,225,214150
10,225,940673
10,225,946739
10,241,1268720
10,241,497321
10,241,767301
10,33,1340254
10,33,1534577
10,33,722702
10,33,8857
10,354,483711
10,354,84944
10,371,1002302
10,371,130971
10,371,717119
10,387,1025618
10,387,1038531
10,387,113925
10,387,117761
10,387,1319522
10,387,1401106
10,387,1503788
10,387,241492
10,387,420629
10,387,431534
10,387,693518
10,387,763031
10,387,764485
10,387,924485
10,414,1463693
10,414,270089
10,436,1307075
10,436,1325898
10,436,1407637
10,436,1621689
10,436,257810
10,449,1799568
10,455,1090958
10,455,1384694
10,455,506552
10,455,522420
10,464,1023556
10,464,1026356
10,464,1117580
10,464,1197234
10,464,1334497
10,464,1409053
10,464,141536
10,464,1433248
10,464,1529374
10,464,159335
10,464,1851004
10,464,204420
10,464,250808
10,464,485128
10,464,621936
10,464,745237
10,464,935755
10,509,969916
10,514,1754677
10,514,641001
10,514,775814
10,53,1453955
10,53,1629408
10,53,1732117
10,53,1885880
10,53,292342
10,53,337351
10,53,391347
10,53,665037
10,53,754705
10,53,822940
10,53,829119
10,53,867414
10,53,878793
10,531,1257601
10,559,325463
10,559,849364
10,579,1194788
10,579,1453394
10,579,1643388
10,579,1680912
10,579,1732141
10,579,1802233
10,579,267419
10,579,335199
10,579,374063
10,579,375025
10,579,399713
10,579,920168
10,579,972738
10,579,991691
10,589,234923
10,589,79768
10,607,1426202
10,61,1585506
10,61,1748401
10,94,1473217
10,94,1570647
10,94,436449
100,109,1355152
100,109,1636964
100,125,756459
100,13,413202
100,144,261196
100,144,88390
100,154,1295687
100,154,1639898
100,154,172654
100,162,1753772
100,164,1043654
100,164,876071
100,166,1415817
100,195,1871615
100,201,112620
100,201,1483038
100,201,750625
100,243,805440
100,245,557194
100,247,1397989
100,280,1469614
100,295,1124824
100,316,1239841
100,317,67260
100,319,132456
100,319,1836851
100,319,86700
100,320,37265
100,320,888435
100,33,1404443
100,33,1632050
100,33,574318
100,33,758453
100,347,185824
100,351,1601257
100,351,722185
100,360,1702291
100,360,928493
100,37,111868
100,37,1686919
100,37,206868
100,37,233501
100,37,421632
100,37,624447
100,375,495737
100,387,1192504
100,387,610016
100,39,1403788
100,39,373972
100,39,619492
100,414,1738385
100,414,465291
100,418,1695640
100,442,580477
100,455,4886
100,458,777187
100,488,208844
100,491,343730
100,499,1630578
100,504,1072357
100,504,1453503
100,529,219141
100,53,1113835
100,53,1512481
100,53,1713652
100,53,475499
100,53,599362
100,53,636554
100,532,1467578
100,543,33760
100,550,1138637
100,550,1500609
100,550,1521180
100,550,1775681
100,550,227277
100,550,526608
100,550,666448
100,550,785945
100,550,94132
100,552,286387
100,552,54159
100,557,153430
100,562,167979
100,567,1791900
100,567,413536
100,568,115746
100,574,1494173
100,574,182682
100,574,707693
100,579,1124540
100,579,1440759
100,579,1833887
100,579,397373
100,579,521327
100,579,751332
100,579,777037
100,579,895665
100,579,979453
100,579,990349
100,591,1541587
100,591,1724221
100,597,1832313
100,597,289645
100,607,150865
100,63,1807253
100,70,1071312
100,99,14414
100,99,316087
100,99,68104
101,132,1496840
101,132,411038
101,133,411716
101,150,1564711
101,162,470545
101,202,603073
101,202,642254
101,295,1191393
101,295,436501
101,319,1508483
101,319,803575
101,334,1020825
101,339,1067390
101,386,364548
101,436,98410
101,464,1541157
101,464,758236
101,487,1626816
101,520,1868798
101,53,1842045
101,559,1871791
101,579,1222570
101,579,1409695
101,579,851529
101,61,1535845
101,61,1637715
101,99,1313098
101,99,1338279
102,125,1221206
102,125,1637766
102,125,469100
102,125,64589
102,125,919852
102,317,1517359
102,317,1773140
102,317,179255
102,317,599649
102,317,96445
102,387,1661865
102,414,1375728
102,428,1176873
103,464,1717527
103,514,1715035
104,446,1175087
104,565,1098016
104,565,1289488
105,106,1671823
105,125,109375
105,163,1294522
105,163,1301887
105,163,217384
105,163,227679
105,163,292289
105,163,295123
105,163,508121
105,163,560993
105,317,64724
105,407,688727
105,407,798895
105,449,107493
105,475,1505292
105,475,569263
105,583,1022370
105,99,130920
105,99,1331721
105,99,170515
105,99,1708062
105,99,437709
105,99,44304
105,99,54025
105,99,829717
106,157,270283
106,166,1462496
106,33,154485
106,33,209186
106,33,569815
106,33,671151
106,37,246471
106,381,1250423
106,39,1841750
106,392,1128938
106,392,1600504
106,401,1219229
106,415,366977
106,415,440640
106,550,198310
106,550,914460
106,567,1800042
106,579,127136
106,579,373688
106,579,675015
106,579,78618
107,129,1051315
107,129,773206
107,132,256492
107,132,678677
107,132,776676
107,132,822471
107,153,1742975
107,217,697383
107,221,542713
107,256,1277357
107,262,1800237
107,266,515452
107,297,1792613
107,315,1340173
107,315,1431394
107,315,1759482
107,317,589982
107,319,1127323
107,319,1131245
107,319,1569785
107,319,180772
107,319,1861990
107,319,232934
107,319,253040
107,319,440848
107,319,44703
107,319,474410
107,319,476771
107,319,481130
107,327,333296
107,327,530403
107,33,1307649
107,33,1468084
107,33,662539
107,33,686811
107,339,532882
107,373,244479
107,373,325587
107,373,987944
107,378,490906
107,387,1223862
107,387,1230589
107,387,23375
107,387,275811
107,387,53264
107,387,760928
107,399,458774
107,417,1283491
107,417,1742652
107,429,462715
107,455,403462
107,464,1108431
107,464,1381530
107,464,1404730
107,464,1517104
107,464,1518020
107,464,1717419
107,464,28535
107,464,552337
107,464,776624
107,479,765956
107,511,1376829
107,511,602333
107,53,105439
107,53,111275
107,53,1124199
107,53,1666577
107,53,362607
107,53,427892
107,53,69208
107,53,737383
107,53,947740
107,53,968284
107,538,552675
107,544,17172
107,579,1026238
107,579,1142725
107,579,1283762
107,579,1503326
107,579,153538
107,579,1668111
107,579,1837952
107,579,204217
107,579,21496
107,579,299828
107,579,391907
107,579,466632
107,579,494401
107,579,754555
107,579,806484
107,583,1614192
107,598,149769
107,598,1717719
107,598,1853752
107,598,227518
107,598,374864
107,60,133459
107,607,1121004
107,92,1214563
107,92,1496532
107,92,1718500
107,92,545597
107,92,853974
107,92,963249
107,99,586445
108,446,956037
109,132,1171187
109,140,1590128
109,153,725592
109,154,912412
109,157,1736502
109,177,1090492
109,177,1473757
109,177,1509408
109,177,1579936
109,177,47090
109,201,189530
109,201,274985
109,21,344307
109,210,1230571
109,229,835325
109,229,889941
109,253,1176200
109,29,4984
109,317,176381
109,317,503284
109,317,637222
109,317,772101
109,319,1067818
109,33,1408985
109,33,15608
109,345,243783
109,349,545051
109,351,1134312
109,351,1217815
109,351,1371336
109,351,645585
109,354,1113037
109,354,931067
109,360,1824159
109,360,802590
109,360,945642
109,383,1053889
109,387,619360
109,39,1615307
109,392,1013843
109,392,1885420
109,392,858338
109,403,1019590
109,403,1151713
109,407,293251
109,407,581518
109,411,1488363
109,417,1135182
109,417,387365
109,417,921432
109,417,93305
109,428,1023733
109,435,1881563
109,440,202889
109,440,284389
109,443,1295267
109,446,129292
109,455,1782032
109,464,107371
109,464,1228870
109,464,1748400
109,464,31676
109,464,42545
109,464,698386
109,464,782579
109,464,801466
109,494,1038075
109,514,1056536
109,514,1804897
109,514,599026
109,528,618748
109,529,1511895
109,550,1236102
109,550,1420298
109,550,1648435
109,550,1693688
109,550,40270
109,550,462207
109,550,475539
109,550,75047
109,550,775951
109,550,915802
109,567,181967
109,574,287355
109,579,1350249
109,579,225877
109,579,289869
109,583,129701
109,583,1300894
109,583,1426149
109,583,1569706
109,583,5101
109,591,1112558
109,607,999351
109,609,1253028
109,609,1292810
109,609,1351171
109,609,1848859
109,609,985804
109,71,1781284
109,76,685703
109,87,14545
109,87,1711613
109,87,557382
11,10,1163465
11,10,159894
11,100,165775
11,109,356036
11,111,56746
11,118,1355181
11,118,1617569
11,118,375062
11,125,104982
11,125,1773330
11,125,187832
11,125,78990
11,125,96787
11,135,842706
11,143,691547
11,144,893252
11,154,1501688
11,158,967477
11,172,224186
11,174,947338
11,183,1186704
11,189,544511
11,201,1108323
11,218,1548131
11,219,72353
11,219,955785
11,223,157231
11,223,1578585
11,227,726278
11,233,374988
11,234,60220
11,24,1129773
11,247,507051
11,262,1001936
11,262,1159210
11,262,1362288
11,262,1496392
11,264,910914
11,267,1635242
11,267,743811
11,267,811380
11,267,911042
11,272,1650475
11,272,433067
11,274,967402
11,276,1029015
11,282,1373835
11,287,258052
11,287,603199
11,306,665650
11,309,1128481
11,317,104613
11,317,1094332
11,317,1125556
11,317,1174154
11,317,1223770
11,317,1227282
11,317,1324765
11,317,1389691
11,317,1415030
11,317,1426126
11,317,1551234
11,317,1565494
11,317,163133
11,317,1649259
11,317,1652311
11,317,1775445
11,317,203907
11,317,277612
11,317,415877
11,317,44806
11,317,449838
11,317,532012
11,317,561081
11,317,602306
11,317,692289
11,317,891969
11,318,1456948
11,318,1664483
11,319,704870
11,323,1719302
11,33,100436
11,33,1331570
11,33,1489048
11,33,1769402
11,33,349623
11,33,388369
11,33,885625
11,33,908481
11,330,1239747
11,339,18000
11,339,957611
11,353,1005934
11,353,558143
11,354,236747
11,37,1144947
11,37,1221226
11,37,1324799
11,37,1400454
11,37,1447057
11,37,1521982
11,37,15828
11,37,1639804
11,37,1731283
11,37,212245
11,37,552287
11,37,657325
11,37,66304
11,37,671909
11,37,710455
11,37,855349
11,387,1104514
11,387,1181264
11,387,1237258
11,387,1647468
11,387,503725
11,387,541959
11,387,562018
11,387,914485
11,39,1420472
11,39,322675
11,39,559530
11,39,732035
11,39,735572
11,39,750318
11,39,794151
11,390,1110459
11,406,1108390
11,414,1520158
11,414,447483
11,415,1580258
11,42,1295753
11,433,451757
11,443,425765
11,449,1827622
11,449,916657
11,454,370733
11,455,156229
11,455,1704732
11,455,749216
11,455,960606
11,458,1408760
11,458,884406
11,464,544310
11,464,762745
11,469,1324872
11,469,611998
11,469,94341
11,470,1178726
11,470,433902
11,473,251156
11,480,1597198
11,499,1212414
11,507,1731045
11,515,546834
11,524,1730411
11,527,1448129
11,53,134819
11,53,1449878
11,53,1461891
11,53,1695284
11,53,1716604
11,53,1798559
11,53,1860184
11,53,401839
11,53,477900
11,53,630195
11,53,753578
11,53,955184
11,53,976042
11,53,987708
11,541,1865150
11,543,1587063
11,543,17278
11,543,1828277
11,543,1866153
11,543,612082
11,543,763700
11,550,1523692
11,550,210056
11,550,268718
11,550,487589
11,550,910000
11,552,891378
11,566,1878609
11,575,895217
11,579,1014469
11,579,1072380
11,579,1151435
11,579,1167221
11,579,1282176
11,579,1507527
11,579,1518047
11,579,1565078
11,579,250152
11,579,25633
11,579,344369
11,579,731500
11,579,78362
11,583,12923
11,583,1414216
11,583,1435513
11,583,1716295
11,583,194790
11,583,304388
11,583,525147
11,583,654476
11,583,749675
11,583,806057
11,583,984148
11,584,100046
11,591,251499
11,602,197532
11,604,126204
11,604,1838241
11,607,1035719
11,607,1560590
11,607,544940
11,72,1021301
11,72,1070306
11,72,493512
11,73,633681
11,8,101121
11,8,1813199
11,8,314078
11,8,423258
11,8,426534
11,8,724839
11,81,1692925
11,81,652678
11,99,1602257
110,128,508689
110,132,1434039
110,189,370501
110,371,1604889
110,407,1174892
110,407,1359024
110,407,1745722
110,414,482366
110,414,665994
110,414,758758
110,455,169448
110,464,1537536
110,464,869936
110,479,231703
110,53,1501579
110,53,619483
110,579,1182249
110,579,1621575
110,99,1080875
111,109,902102
111,177,1155706
111,201,538864
111,201,997972
111,204,1272703
111,243,1612464
111,295,318958
111,317,54645
111,320,1408986
111,33,1591518
111,37,606932
111,37,684906
111,39,1717269
111,407,1198017
111,407,844867
111,414,100664
111,414,300907
111,416,1017728
111,475,1855989
111,489,138585
111,53,1501421
111,53,497931
111,550,140884
111,550,299590
111,564,893392
111,574,1688092
111,579,1685835
111,579,524785
111,579,957667
111,607,1366471
111,74,472101
111,8,766500
112,125,1075594
112,133,1331798
112,151,184986
112,178,1246327
112,216,5994
112,262,1576353
112,28,172617
112,285,130331
112,319,363424
112,319,560688
112,320,212104
112,320,459584
112,33,1453985
112,33,1468319
112,33,1654768
112,33,1741012
112,33,455962
112,33,490266
112,33,599581
112,33,612107
112,33,668218
112,33,992844
112,335,682152
112,343,1873623
112,348,172431
112,354,248535
112,354,978563
112,360,412439
112,360,727207
112,387,1064100
112,387,1472156
112,387,228354
112,387,388436
112,387,530871
112,406,1358926
112,406,1763852
112,410,1846026
112,414,215159
112,434,726721
112,436,1420555
112,449,885419
112,451,1094885
112,451,332723
112,464,1032212
112,464,1162390
112,464,1201161
112,464,1208508
112,464,1222818
112,464,1416710
112,464,1492700
112,464,1652563
112,464,1856789
112,464,1862766
112,464,1867731
112,464,204460
112,464,4128
112,464,448975
112,464,525958
112,464,713662
112,464,807331
112,464,931166
112,464,938819
112,465,1393116
112,501,698474
112,514,1013825
112,514,1343024
112,514,1531143
112,514,1570179
112,514,234049
112,514,349876
112,514,474132
112,514,802564
112,53,1707607
112,53,1803572
112,53,986216
112,535,131615
112,535,842725
112,545,783590
112,55,633634
112,552,1149426
112,552,157098
112,552,1613173
112,579,1274500
112,579,1291867
112,579,1441550
112,579,154761
112,579,1621487
112,579,1625782
112,579,1859378
112,579,397300
112,579,506840
112,579,721365
112,579,755074
112,579,793737
112,579,820332
112,579,871582
112,583,1207561
112,589,1771721
112,589,640191
112,589,931594
112,603,1595184
112,61,1235668
112,61,1453951
112,61,817020
112,611,1557633
112,611,1738784
112,7,835250
112,75,1397339
112,80,1525963
112,99,1066141
112,99,341132
112,99,898920
113,104,1434692
113,118,139568
113,118,1608599
113,118,521174
113,118,923365
113,118,983240
113,308,856788
113,317,1061363
113,317,1636438
113,317,44684
113,317,761829
113,317,908099
113,387,1324540
113,450,1084991
113,53,401836
113,550,104772
113,550,1741995
113,550,308107
113,550,5143
113,550,69990
113,574,452335
113,579,732096
113,588,139252
114,455,618430
115,103,1362012
115,106,616301
115,106,951686
115,109,1418662
115,133,1022363
115,133,1489893
115,133,364983
115,133,489941
115,162,740669
115,236,1158475
115,263,1681848
115,267,1638207
115,317,162653
115,327,812220
115,33,473152
115,33,57088
115,354,1346118
115,354,1544517
115,354,1591694
115,354,162439
115,354,1642373
115,354,366734
115,354,627035
115,354,925566
115,381,825926
115,387,1021284
115,387,103873
115,387,1201954
115,387,1212753
115,387,1237380
115,387,157485
115,387,1621885
115,387,1643594
115,387,1688908
115,387,1722367
115,387,694624
115,388,1011074
115,394,1058002
115,414,1839738
115,417,1831481
115,443,1104619
115,443,1170648
115,443,510368
115,443,536888
115,443,715303
115,449,1068547
115,449,291109
115,449,291270
115,449,350048
115,455,138158
115,455,289756
115,464,141731
115,464,1698616
115,464,406591
115,464,453450
115,464,524290
115,464,604177
115,464,769784
115,490,1102273
115,511,1598839
115,511,1611529
115,511,166509
115,511,398125
115,516,1677739
115,516,964481
115,53,1265019
115,53,218643
115,550,1731128
115,551,1873586
115,579,351259
115,579,814446
115,591,1479478
115,60,227292
115,607,786567
115,607,88413
115,608,1591521
115,61,1365442
115,61,418474
115,61,562561
115,611,1709891
116,33,1884571
116,358,1586534
116,579,115275
116,607,350647
117,33,358312
117,387,656801
117,455,612172
117,53,892106
117,579,858224
117,579,899293
118,101,752187
118,127,824353
118,162,1197273
118,162,1287059
118,162,645650
118,170,339305
118,225,1831918
118,23,1408874
118,23,526592
118,307,335227
118,317,1292685
118,317,1557928
118,321,1378745
118,328,1110723
118,33,1212593
118,33,1253885
118,33,133120
118,33,1775041
118,33,1845468
118,33,314381
118,33,322373
118,33,648940
118,33,662763
118,343,1422063
118,343,1513554
118,357,56692
118,387,1295161
118,387,1623461
118,387,249975
118,387,845375
118,391,1408525
118,455,1183831
118,455,1313640
118,464,943662
118,479,329164
118,53,11605
118,53,1429577
118,53,1674240
118,53,355982
118,53,418763
118,550,353442
118,574,570477
118,579,10601
118,579,1087649
118,579,1357966
118,579,1396011
118,579,1560737
118,579,1651975
118,579,1846376
118,579,353132
118,579,473094
118,579,598756
118,579,67250
118,579,952636
118,579,975030
118,583,1074913
118,583,1403128
118,583,1514795
118,583,182504
118,583,330517
118,583,701718
118,583,802023
118,583,986071
118,588,44650
118,589,1300666
118,589,1631261
118,589,88464
118,72,479202
118,72,678251
118,89,1525412
118,93,1456463
118,93,847849
119,406,523405
119,464,902356
119,535,84374
12,130,341331
12,141,1734117
12,153,1832250
12,158,1071338
12,174,643222
12,174,928248
12,188,1006965
12,195,785729
12,211,1724162
12,217,1054070
12,217,128052
12,223,120788
12,232,1019138
12,232,1116706
12,232,1269503
12,232,1361580
12,232,1363761
12,232,1373850
12,232,1423129
12,232,1430208
12,232,1484067
12,232,1488782
12,232,1527229
12,232,304182
12,232,400782
12,232,599526
12,232,919054
12,232,941617
12,262,1035779
12,262,1454131
12,295,1069927
12,295,123536
12,295,139080
12,295,1509996
12,295,1654139
12,295,1766484
12,295,457653
12,295,871323
12,295,88884
12,295,9375
12,314,481107
12,317,1079257
12,317,1467583
12,317,1494071
12,317,99852
12,319,101995
12,319,1070980
12,319,1164069
12,319,1166242
12,319,1336348
12,319,1457561
12,319,1647346
12,319,1668783
12,319,1680533
12,319,170449
12,319,1721219
12,319,1747620
12,319,1876897
12,319,197612
12,319,244057
12,319,266038
12,319,283458
12,319,29174
12,319,323353
12,319,474753
12,319,513874
12,319,599550
12,319,642557
12,319,742337
12,319,776454
12,319,793099
12,319,917445
12,319,967610
12,319,997380
12,329,1760156
12,33,815896
12,339,1017001
12,339,1807727
12,339,196199
12,349,1206420
12,354,1627809
12,354,550909
12,360,1128851
12,360,1364273
12,360,1440470
12,360,1552487
12,360,1865781
12,360,234503
12,360,373133
12,360,465162
12,360,51660
12,360,621050
12,360,657824
12,360,712128
12,360,754516
12,360,809965
12,368,137675
12,385,1624917
12,387,106130
12,387,1282561
12,387,1487743
12,387,1556610
12,387,1754635
12,387,254572
12,387,823888
12,387,993793
12,406,1104752
12,406,1547494
12,406,1882832
12,406,322374
12,406,787177
12,407,873878
12,414,237384
12,417,1238187
12,417,1395242
12,441,207455
12,443,1797024
12,443,1851162
12,446,157915
12,447,1245090
12,447,707334
12,449,1376444
12,449,1466809
12,449,1541552
12,449,400413
12,449,441391
12,449,490621
12,449,832534
12,449,962940
12,451,1088219
12,451,1703920
12,451,54636
12,454,203261
12,454,945926
12,455,27737
12,456,1270249
12,461,1232550
12,464,1022635
12,464,1814040
12,464,647758
12,513,1777485
12,52,717044
12,53,1098376
12,53,1113604
12,53,1257779
12,53,1270422
12,53,1272717
12,53,1370954
12,53,1421302
12,53,1484377
12,53,1547251
12,53,156852
12,53,410392
12,53,696763
12,53,7971
12,53,801408
12,53,995658
12,552,1345781
12,566,422545
12,57,1461029
12,579,1128441
12,579,1296237
12,579,1461057
12,579,1523441
12,579,165386
12,579,1666197
12,579,1679497
12,579,1700518
12,579,1747909
12,579,322589
12,579,334335
12,579,365987
12,579,469497
12,579,667666
12,579,668853
12,579,759233
12,579,836201
12,579,91892
12,579,927256
12,583,1725230
12,589,33463
12,589,3988
12,589,847259
12,591,1513451
12,592,753173
12,594,1201968
12,595,103120
12,597,1006635
12,597,1376555
12,609,1042219
12,609,1082262
12,609,1172128
12,609,1233415
12,609,1651668
12,609,1702735
12,609,1775016
12,609,19728
12,609,402433
12,609,962525
12,61,56474
12,70,66088
12,72,1121479
12,72,852863
12,99,1021375
12,99,1025542
12,99,1222830
12,99,1292409
12,99,1339498
12,99,1492891
12,99,152885
12,99,1538209
12,99,1794836
12,99,485731
12,99,498866
12,99,633918
12,99,65776
12,99,79379
12,99,986600
120,202,363771
120,266,751966
120,33,1001389
120,33,535892
120,33,754741
120,33,964941
120,360,1058627
120,360,1454255
120,360,1550889
120,360,164830
120,360,1756754
120,360,593702
120,360,622741
120,4,799156
120,446,668117
120,505,63051
120,530,1085300
120,542,1194976
120,542,228232
120,542,607320
120,542,727990
120,542,926132
120,542,946693
120,563,215169
120,579,1047361
120,579,1501673
120,579,1617697
120,579,1826583
120,579,473052
120,579,687429
120,579,695156
120,579,814102
120,579,865492
120,583,1183134
120,583,1236468
120,583,1272391
120,583,402536
120,609,172419
121,123,1363071
121,202,1738103
121,216,1768810
121,275,656057
121,327,1636146
121,33,1353603
121,33,1733209
121,33,493752
121,360,1065600
121,360,1068172
121,360,1416443
121,360,1547343
121,360,1552916
121,360,1812988
121,360,458970
121,360,488904
121,4,601177
121,505,298616
121,542,1555506
121,542,1839846
121,542,209472
121,542,578287
121,542,631225
121,579,1167650
121,579,1183827
121,579,1321561
121,579,1662382
121,579,1685042
121,579,1781993
121,579,398243
121,579,491798
121,579,604788
121,579,611494
121,579,70866
121,579,815904
121,583,117836
121,583,1622513
121,583,470278
121,583,724932
121,65,174628
121,99,1807279
122,125,580723
122,53,492830
122,583,1219106
122,583,404878
123,506,716181
124,122,345269
124,125,1682258
124,125,271443
124,317,126184
124,317,1833351
124,317,249398
124,317,353179
124,317,418701
124,317,581169
124,317,733313
124,317,894980
124,317,973298
124,33,701946
124,339,187488
124,387,683593
124,387,924498
124,449,31518
124,487,1842930
124,5,1032596
124,509,245869
124,509,91937
124,53,1239563
124,53,1360213
124,559,24363
124,579,696482
124,583,1363461
124,583,903122
124,590,459025
124,72,146530
124,87,1266506
124,87,1800490
124,87,1812782
124,87,1841051
124,87,392456
124,87,724312
124,87,778064
124,87,780813
124,87,796178
124,87,871483
124,92,1207668
124,92,1776194
124,92,180051
124,92,251654
124,92,486206
124,92,700966
124,92,745055
124,92,887994
124,92,945736
124,93,1470838
125,125,1525216
125,129,1057806
125,129,1683556
125,129,1794036
125,129,526556
125,129,934952
125,129,960281
125,129,984633
125,132,113348
125,132,1507094
125,132,1850829
125,132,539096
125,132,689558
125,132,928190
125,132,944504
125,133,1714159
125,140,385454
125,153,140730
125,153,149665
125,153,1764092
125,175,1443362
125,175,1465870
125,175,157233
125,175,251980
125,175,401674
125,175,560334
125,175,676304
125,175,768064
125,175,98971
125,19,1332117
125,202,1499650
125,202,1646235
125,202,616539
125,202,696266
125,208,772860
125,217,1191509
125,225,425697
125,247,995597
125,262,1404044
125,262,1482173
125,262,927489
125,267,320152
125,269,1481924
125,281,911284
125,292,1027587
125,315,1033666
125,315,1681481
125,315,455330
125,315,56243
125,315,887613
125,319,1186645
125,319,1219142
125,319,1233485
125,319,153623
125,319,1618067
125,319,222566
125,319,333843
125,319,353686
125,319,416566
125,319,418396
125,319,58722
125,319,593686
125,319,633290
125,319,964891
125,319,980831
125,339,1600714
125,339,1856397
125,34,1819094
125,357,1215253
125,357,504150
125,373,1379094
125,373,1588230
125,373,324287
125,382,1856132
125,382,37189
125,387,1093154
125,387,1392682
125,387,1500526
125,387,1511508
125,387,1541671
125,387,1642952
125,387,1713945
125,387,174762
125,387,1781521
125,387,297498
125,387,352930
125,387,441031
125,387,540577
125,387,543100
125,387,775346
125,387,878834
125,387,888572
125,399,183300
125,414,310553
125,417,1881434
125,417,476317
125,417,948581
125,443,1108999
125,443,1161237
125,443,1456715
125,443,1705403
125,443,200415
125,443,538622
125,443,564016
125,443,576387
125,443,645256
125,443,758801
125,443,801113
125,443,832200
125,443,860972
125,449,1454723
125,449,26032
125,449,873839
125,455,1466155
125,455,1676038
125,455,425251
125,455,501512
125,455,984317
125,464,1134387
125,464,1550798
125,464,821635
125,508,911065
125,511,55766
125,511,835848
125,53,1088691
125,53,1141035
125,53,1174401
125,53,1193907
125,53,130466
125,53,1396746
125,53,1529185
125,53,1577848
125,53,1641218
125,53,1869483
125,53,23730
125,53,426342
125,53,498222
125,53,590273
125,53,672076
125,53,684917
125,53,850423
125,53,922140
125,53,92779
125,540,1486545
125,552,7440
125,559,1425534
125,57,1212506
125,57,812483
125,579,113308
125,579,1213299
125,579,1243156
125,579,124407
125,579,1368252
125,579,1375622
125,579,1375634
125,579,1469907
125,579,1693310
125,579,1729707
125,579,1888503
125,579,211793
125,579,214997
125,579,381057
125,579,535505
125,579,693688
125,579,814491
125,579,833142
125,579,85903
125,579,905939
125,579,909415
125,579,939389
125,588,1016397
125,588,1556676
125,589,21694
125,589,698246
125,591,101198
125,591,1227670
125,591,1796556
125,591,38989
125,591,559133
125,591,951333
125,596,1864897
125,597,372040
125,60,1036220
125,60,1341239
125,60,1720220
125,60,304248
125,60,318285
125,60,361016
125,60,526725
125,60,562287
125,607,1451911
125,607,595768
125,92,1467493
125,92,1771545
126,12,241249
126,295,715738
126,343,1882748
126,343,459288
126,352,199922
126,385,178548
126,387,1404293
126,387,737114
126,443,175075
126,443,543686
126,443,841989
126,464,1152659
126,464,242075
126,464,312196
126,511,1763682
126,579,1124697
126,606,1007683
126,99,1832402
127,387,1193996
127,387,706901
127,446,43087
127,464,791241
127,53,1402698
127,552,1203540
127,579,1874213
128,109,417870
128,125,577620
128,125,807272
128,125,810546
128,133,1835595
128,140,756223
128,157,76823
128,184,1425930
128,236,1394311
128,239,403479
128,265,1020409
128,267,251107
128,279,963211
128,300,869944
128,311,1175741
128,317,1159576
128,317,395756
128,342,166161
128,353,1310581
128,354,22168
128,354,389483
128,358,1031643
128,358,73084
128,36,102437
128,387,1451529
128,387,416106
128,387,794912
128,401,415163
128,414,1608820
128,414,255587
128,414,65133
128,417,1251517
128,417,468941
128,433,765942
128,443,1155394
128,443,1199806
128,443,1546409
128,455,1053861
128,455,1246798
128,455,72481
128,455,889329
128,464,1738502
128,484,1254754
128,503,1405
128,523,123874
128,529,100494
128,53,1631599
128,53,1661370
128,53,251722
128,53,254397
128,53,576903
128,53,752703
128,53,929967
128,550,765886
128,557,1526386
128,575,453758
128,579,273568
128,579,312437
128,588,260068
128,588,863700
128,588,97401
128,589,1678810
128,591,327249
128,60,1002787
128,607,1152675
128,607,420225
128,607,430539
128,607,817013
128,607,854959
128,88,1517284
129,125,428933
129,138,1139127
129,317,419362
129,317,867548
129,446,1588368
129,464,1133374
129,464,1464628
129,514,193858
129,519,863899
129,583,221272
13,106,137994
13,157,723743
13,166,1435104
13,230,1349478
13,252,1535659
13,33,1454914
13,33,748259
13,344,511752
13,359,1633359
13,381,1777548
13,392,522984
13,401,44479
13,415,1169642
13,415,920694
13,443,1375102
13,443,806831
13,467,1072128
13,474,1630213
13,511,1127652
13,567,786734
13,579,1808798
13,579,298488
13,81,369407
14,114,502269
14,182,1440024
14,182,717697
14,266,598767
14,349,1003565
14,349,825664
14,387,1429812
14,446,1443366
14,446,356426
14,53,134331
14,53,1523489
14,579,760581
15,225,1733646
15,225,424879
15,226,1337850
15,278,1253853
15,278,1824532
15,286,1045452
15,286,772657
15,33,1657567
15,33,31780
15,33,331057
15,33,500705
15,33,61933
15,33,735945
15,33,742473
15,33,868612
15,33,907412
15,33,921821
15,348,647005
15,353,577861
15,37,1209185
15,37,556359
15,387,1018484
15,387,1043553
15,387,264300
15,387,6616
15,387,662969
15,387,867690
15,417,1848934
15,436,167486
15,437,1503297
15,449,344387
15,455,823678
15,455,922958
15,458,1205243
15,464,1316865
15,464,1581654
15,464,1648163
15,464,1744233
15,464,1751124
15,464,1781559
15,464,1814955
15,464,196893
15,464,328447
15,464,37860
15,464,397678
15,464,696194
15,464,800365
15,464,831042
15,464,877757
15,464,950705
15,514,1333340
15,514,1376809
15,514,1625242
15,514,1666256
15,514,201929
15,514,512130
15,53,1065625
15,53,1099192
15,53,384412
15,53,541910
15,53,98685
15,545,1083254
15,555,535123
15,579,1019340
15,579,117935
15,579,118242
15,579,121426
15,579,1225654
15,579,1269594
15,579,1468048
15,579,1518439
15,579,1539800
15,579,178679
15,579,1801963
15,579,442082
15,579,739142
15,579,824410
15,583,1518982
15,589,1641837
15,589,546895
15,589,684699
15,589,702670
15,591,1394589
15,61,296862
15,66,1050217
16,125,508681
16,125,607839
16,188,309311
16,217,536803
16,221,1718599
16,262,1386724
16,262,279537
16,262,295950
16,262,701459
16,269,616250
16,299,214270
16,317,1869391
16,319,118567
16,319,1504758
16,33,121045
16,339,735263
16,362,149006
16,389,429906
16,396,1075013
16,414,595901
16,415,1560958
16,445,1647959
16,445,596710
16,493,166800
16,511,846676
16,53,1261751
16,552,1171294
16,552,1787295
16,569,829449
16,579,1003976
16,579,312280
16,586,1137845
16,597,31089
16,72,205561
16,72,718092
16,93,888223
16,99,518907
17,132,391445
17,132,829822
17,144,645609
17,174,1429717
17,174,148517
17,174,1528517
17,174,1685350
17,174,1741789
17,174,315683
17,174,401892
17,174,6355
17,174,789163
17,202,1732910
17,202,1737896
17,225,144754
17,225,330662
17,225,568496
17,24,1083209
17,24,1695377
17,24,69706
17,260,991675
17,261,1540528
17,261,208424
17,275,1861976
17,300,220712
17,304,252519
17,33,1379517
17,33,1492102
17,33,41721
17,33,871773
17,343,1448332
17,349,1784011
17,373,1878894
17,374,1166963
17,374,156467
17,374,1762265
17,374,185888
17,374,1871039
17,374,447440
17,387,1341511
17,387,1531039
17,387,292652
17,387,381968
17,387,839196
17,401,539626
17,414,1391661
17,414,1559249
17,414,1737733
17,464,1052563
17,464,1161778
17,464,1254559
17,464,1488355
17,464,1595213
17,464,1668253
17,464,1679165
17,464,1806563
17,464,1858365
17,464,1864419
17,464,228017
17,464,269485
17,464,550365
17,464,621029
17,464,938767
17,464,963390
17,479,1539967
17,492,1563946
17,50,1289491
17,514,1289308
17,514,287469
17,514,430176
17,514,75133
17,53,128641
17,53,1509917
17,53,23450
17,53,470182
17,53,608173
17,53,793776
17,533,533485
17,559,1777878
17,559,930210
17,579,1018900
17,579,1094550
17,579,1187709
17,579,1322241
17,579,1337029
17,579,1416500
17,579,1480213
17,579,1732140
17,579,1862475
17,579,221114
17,579,385959
17,579,522383
17,579,648018
17,579,803370
17,589,1823681
17,609,373828
17,62,1039210
17,83,147085
17,99,1631444
18,177,991665
18,216,983078
18,232,1242564
18,232,1412500
18,232,1535488
18,232,1583540
18,232,1727573
18,232,1840617
18,232,1870236
18,232,957782
18,317,1181049
18,317,1508786
18,317,381947
18,317,44196
18,317,451656
18,317,673870
18,317,760242
18,317,87970
18,317,936
18,319,1023564
18,319,12256
18,319,1584348
18,319,1586612
18,319,1653491
18,319,1664779
18,319,1703970
18,319,1707623
18,319,1761618
18,319,48544
18,319,538877
18,319,544240
18,319,85906
18,354,1635692
18,354,1837977
18,354,793859
18,361,1715525
18,361,957578
18,385,1330854
18,385,994825
18,387,11118
18,387,1405509
18,387,389577
18,387,764008
18,406,321499
18,406,4806
18,406,801265
18,43,1524119
18,449,1180099
18,449,1420477
18,449,4939
18,449,94954
18,579,1142398
18,607,736028
18,93,1124532
19,118,525587
19,205,260394
19,254,1086232
19,338,149680
19,338,1628684
19,338,1731602
19,338,1766522
19,338,308481
19,338,412307
19,338,445963
19,338,48520
19,338,906738
19,338,921509
19,372,1164920
19,395,1581216
19,422,1258475
19,529,9264
19,556,14388
19,556,1700798
19,580,401636
2,10,1380532
2,118,1827530
2,125,1119447
2,14,15
2,146,1513652
2,203,1191329
2,203,1325668
2,203,1421495
2,21,505663
2,224,621388
2,235,508137
2,24,23208
2,24,935548
2,262,123794
2,268,1659714
2,270,1510507
2,270,715217
2,277,1843524
2,277,1850224
2,317,1050518
2,317,1709458
2,317,193393
2,317,320465
2,317,662276
2,317,894112
2,319,1813986
2,33,1485760
2,33,1563193
2,33,1749691
2,33,267195
2,33,387695
2,382,115152
2,387,1137444
2,387,1845480
2,387,278092
2,414,1559876
2,414,282623
2,414,92258
2,443,1616813
2,455,1540379
2,455,1633822
2,455,1870044
2,47,645372
2,495,593836
2,507,891495
2,512,1018387
2,512,775157
2,53,1431606
2,53,502530
2,53,578850
2,53,976186
2,550,815724
2,552,713011
2,56,865530
2,566,280555
2,575,332498
2,579,1379482
2,579,1456282
2,579,1503815
2,579,1664008
2,579,1842474
2,579,295911
2,579,297969
2,579,30008
2,579,570919
2,579,629334
2,579,801941
2,579,838232
2,583,1085200
2,583,1552523
2,583,1836485
2,583,881009
2,591,536258
2,93,1357184
20,102,1676638
20,125,1516629
20,125,1561000
20,125,1777771
20,133,1705086
20,150,1403347
20,161,479872
20,177,724554
20,198,441270
20,217,1029846
20,225,1589782
20,232,1097719
20,232,1108531
20,232,1331749
20,232,140469
20,232,1414927
20,232,1418118
20,232,1498724
20,232,1572672
20,232,1744317
20,232,1798131
20,232,1809183
20,232,188261
20,232,204275
20,232,208649
20,232,333400
20,232,571166
20,232,800001
20,232,942136
20,232,987378
20,247,1365456
20,250,772979
20,262,704835
20,271,643724
20,295,1070848
20,295,1166200
20,295,364353
20,295,443102
20,295,520843
20,295,573423
20,295,64828
20,295,846470
20,295,958225
20,317,1076257
20,317,1207242
20,317,1395928
20,317,1409728
20,317,1553297
20,317,1614013
20,317,479181
20,317,482262
20,317,501486
20,317,889910
20,319,1031532
20,319,1054621
20,319,1079477
20,319,1115682
20,319,1152510
20,319,1305098
20,319,1306034
20,319,1325903
20,319,1444260
20,319,1694778
20,319,1753000
20,319,1806696
20,319,254652
20,319,356498
20,319,367417
20,319,450691
20,319,487477
20,319,495584
20,319,552071
20,319,612608
20,319,662476
20,319,714156
20,319,776189
20,319,850782
20,319,969727
20,326,341614
20,33,1319926
20,33,1522253
20,33,242257
20,33,354413
20,33,743537
20,339,1461270
20,339,353575
20,345,929795
20,347,1412827
20,354,1563843
20,354,1606576
20,354,730747
20,354,793192
20,354,865513
20,360,1085746
20,360,1390487
20,360,1406932
20,360,1498834
20,360,1639100
20,360,1670138
20,360,1733841
20,360,1841226
20,360,1876608
20,360,507569
20,360,5714
20,360,652476
20,360,964038
20,360,994727
20,387,1156108
20,387,1302547
20,387,1584405
20,387,1759900
20,387,304661
20,387,365005
20,387,525744
20,387,845179
20,400,891279
20,406,1350182
20,406,1378238
20,406,297473
20,407,1759389
20,407,267725
20,407,492729
20,414,283422
20,449,1047131
20,449,1502266
20,449,172685
20,449,372471
20,449,462269
20,449,619337
20,449,657095
20,449,680131
20,449,763569
20,449,768853
20,453,1021640
20,454,586697
20,454,693330
20,455,1040388
20,455,747196
20,456,1558929
20,463,443985
20,464,146107
20,464,1658240
20,51,1814670
20,53,1034355
20,53,1039694
20,53,1243548
20,53,1269369
20,53,1280730
20,53,1398387
20,53,1407476
20,53,1486964
20,53,1571964
20,53,1631946
20,53,1735547
20,53,1876977
20,53,473000
20,552,1269987
20,552,1338022
20,579,1296876
20,579,1551331
20,579,1816081
20,579,1860210
20,579,1875677
20,579,335160
20,579,442689
20,579,609216
20,579,731053
20,579,981937
20,583,1076762
20,583,1139140
20,583,1338925
20,583,1383475
20,583,452534
20,583,585122
20,583,61657
20,583,694322
20,583,704819
20,589,416727
20,591,1711424
20,609,1008078
20,609,1018084
20,609,1100382
20,609,1246601
20,609,126085
20,609,1291284
20,609,1419551
20,609,1611316
20,609,1641078
20,609,214155
20,609,398116
20,609,412971
20,609,600485
20,609,931080
20,609,933251
20,609,981713
20,609,998834
20,72,1492146
20,72,1624015
20,72,1747802
20,72,822841
20,99,1184138
20,99,1373420
20,99,137797
20,99,1639477
20,99,216446
20,99,562694
20,99,642696
20,99,855817
20,99,880288
21,120,81870
21,124,892104
21,126,634699
21,137,359800
21,144,1223136
21,144,980250
21,172,1450852
21,174,1079982
21,174,1680138
21,174,833574
21,177,1797194
21,179,281560
21,179,56780
21,195,684476
21,196,1128523
21,196,1364213
21,196,920555
21,25,1647576
21,272,1377459
21,272,209743
21,272,716110
21,313,215199
21,314,1099104
21,314,1519348
21,314,647010
21,314,707228
21,330,1135226
21,330,472207
21,330,664917
21,330,689177
21,330,920525
21,333,38545
21,353,1185727
21,37,1676027
21,37,183386
21,37,237713
21,38,645511
21,381,1839336
21,381,394346
21,381,75889
21,385,1798687
21,385,342369
21,385,415041
21,387,1035147
21,387,120587
21,387,126457
21,387,320967
21,387,402362
21,387,577477
21,387,85114
21,387,869703
21,39,826789
21,401,233699
21,401,327842
21,401,540209
21,401,682517
21,413,1258371
21,415,1097514
21,428,186387
21,441,1655564
21,443,1044319
21,443,1311945
21,443,983260
21,460,524460
21,464,1101188
21,464,1233238
21,464,1374283
21,464,1429540
21,464,1430197
21,464,1523169
21,464,1524517
21,464,1732922
21,464,439710
21,464,590209
21,464,623869
21,464,800498
21,464,837921
21,464,840753
21,464,986301
21,489,144080
21,53,1289656
21,53,1635145
21,53,19063
21,53,277045
21,53,501444
21,53,628340
21,53,700696
21,53,736093
21,53,843888
21,534,720072
21,546,1092204
21,550,759330
21,552,1317161
21,557,1744041
21,559,456091
21,566,253987
21,566,265201
21,566,346493
21,566,487417
21,579,1037191
21,579,1160687
21,579,1551329
21,579,1728552
21,579,267966
21,579,36945
21,579,444782
21,579,856190
21,587,1700094
21,587,272521
21,597,1590406
21,597,484769
21,597,77836
21,597,888030
21,91,1333899
21,93,1462622
21,98,106251
22,101,70927
22,125,204638
22,317,111625
22,404,1315609
23,583,1828897
24,387,10393
24,387,347629
24,579,1301201
24,607,775526
25,455,121336
25,455,1800728
25,455,1864777
25,455,572858
25,455,614017
25,455,829936
25,53,1326869
25,53,1596625
25,53,590120
25,53,590316
25,53,677186
25,53,693469
26,110,1692704
26,262,1700239
26,262,525204
26,262,791245
26,262,974487
26,347,546547
26,356,36620
26,405,1315084
26,405,1369710
26,405,74899
26,417,248208
26,42,378407
26,449,1271666
26,449,72206
26,455,1369065
26,455,1589280
26,455,1786103
26,455,236717
26,455,462763
26,455,920536
26,566,1375210
26,566,1445818
26,591,1295092
26,591,1370206
26,591,600636
27,446,1015131
27,446,1773092
27,464,1009044
27,464,1021234
27,464,1081506
27,464,1138752
27,464,1451876
27,464,1591090
27,464,1606255
27,464,234570
27,464,285268
27,464,378372
27,464,413188
27,464,687216
27,464,81763
27,464,929593
27,464,958502
27,464,994612
28,317,278918
28,317,308202
28,33,736021
28,357,427733
28,358,769456
28,358,9661
28,387,370031
28,407,427477
28,417,634463
28,417,688748
28,579,1105308
28,579,99190
28,583,1367789
28,583,1423229
28,607,295888
28,99,1030838
29,387,447103
29,449,1609393
3,133,1667637
3,16,86109
3,162,1764263
3,162,294311
3,162,36526
3,225,743249
3,241,357836
3,357,436296
3,436,1613323
3,446,350359
3,449,1021245
3,449,595425
3,454,391710
3,464,1510320
3,464,1628598
3,464,1776472
3,464,279441
3,464,45810
3,464,530187
3,514,1423073
3,514,1730614
3,583,1237281
3,583,247380
3,590,1324397
3,590,1821898
3,590,1863613
3,590,247415
3,590,998458
3,591,1751202
3,605,1588782
3,61,1011293
3,611,1277231
3,94,1170644
3,94,126817
3,94,1679356
3,94,515330
3,94,646275
3,94,760316
3,94,914992
30,125,1009105
30,129,1221441
30,129,1726499
30,129,1870566
30,129,193748
30,129,769476
30,151,1624337
30,151,1778456
30,151,852493
30,153,491188
30,166,346599
30,175,1014008
30,175,1245128
30,175,1667450
30,175,1682265
30,175,1685838
30,175,1824585
30,177,962465
30,189,1142671
30,269,322033
30,315,1509067
30,315,1577635
30,315,17677
30,315,44162
30,315,511118
30,315,950014
30,318,1210469
30,318,977034
30,319,1223594
30,319,1352102
30,319,1457253
30,319,146836
30,319,1790448
30,319,195270
30,319,336062
30,319,420400
30,319,4256
30,319,442056
30,319,485539
30,319,681346
30,319,810510
30,319,900899
30,319,907250
30,33,1214770
30,33,128572
30,33,1679502
30,33,1773990
30,33,308209
30,33,326669
30,33,769564
30,339,1001875
30,378,821842
30,387,1048749
30,387,1240199
30,387,1269395
30,387,1644281
30,387,1860604
30,387,229681
30,387,243421
30,387,704847
30,387,871791
30,393,739267
30,399,471568
30,401,902628
30,402,1692282
30,406,1255801
30,414,299526
30,417,255980
30,417,716668
30,443,1316325
30,443,1587852
30,443,1826116
30,443,360563
30,443,631375
30,443,928821
30,445,355412
30,449,1264942
30,455,1666371
30,455,1760640
30,459,731650
30,464,1223289
30,464,1650537
30,464,268010
30,464,943059
30,499,458275
30,508,460274
30,511,1800781
30,511,785703
30,53,1048742
30,53,1062639
30,53,1126326
30,53,1137341
30,53,1307863
30,53,1853567
30,53,245967
30,53,301306
30,53,443267
30,53,575239
30,544,686576
30,550,275063
30,57,940344
30,579,1173290
30,579,136378
30,579,1381929
30,579,14809
30,579,1602551
30,579,1629439
30,579,166141
30,579,1681385
30,579,1721712
30,579,1847770
30,579,331148
30,579,634719
30,579,656218
30,579,67853
30,579,805421
30,579,850255
30,579,89352
30,579,921158
30,583,1068695
30,588,1602684
30,588,557007
30,591,1354173
30,591,1393231
30,591,1525784
30,598,1400719
30,60,1046011
30,60,1090522
30,60,382580
30,60,882182
30,607,1439286
30,607,896239
30,72,149467
30,92,1221634
30,92,1485707
30,92,1571546
30,92,608057
31,101,1807166
31,101,1880111
31,125,1012932
31,125,1483775
31,317,1387770
31,317,878008
31,404,886597
31,583,205878
32,358,204891
32,387,501148
32,407,1511227
32,579,744229
32,99,508410
33,125,1657481
33,125,275684
33,317,1077225
33,317,379708
33,53,815949
33,583,1177777
33,583,1354850
33,583,41392
33,583,568640
34,174,1272305
34,317,357925
34,354,1416365
34,374,815378
34,387,851874
34,464,1247120
35,360,1460160
35,542,1548933
35,579,910096
36,182,1822098
36,232,84213
36,349,1103479
36,446,535485
36,552,451795
36,552,55071
36,597,1884591
37,53,1688874
38,583,1366127
38,583,243890
39,559,1678757
39,583,1474694
39,583,1647110
39,94,1669184
4,13,212391
4,13,649085
4,214,565230
4,33,1591143
4,33,926226
4,348,700680
4,414,1546321
4,414,512382
4,464,1864527
4,53,532907
4,579,1592066
4,579,879480
4,583,1801617
4,583,37769
40,267,537112
40,317,1195788
40,317,1316874
40,317,1550292
40,33,1040125
40,354,1025725
40,354,1410351
40,354,1719498
40,354,1753543
40,358,1672827
40,387,1612951
40,387,741228
40,387,764684
40,387,791482
40,53,1587216
40,579,118809
40,607,1057584
40,607,808284
41,101,1446360
41,101,364432
41,116,1459855
41,116,766233
41,125,1183237
41,125,1663526
41,125,225776
41,165,1718591
41,24,1340980
41,24,506251
41,267,1821804
41,294,1331494
41,301,667886
41,317,1055016
41,317,1111680
41,317,1178415
41,317,1180878
41,317,1286157
41,317,1301424
41,317,1321629
41,317,1384526
41,317,1420733
41,317,1472420
41,317,1584431
41,317,1720057
41,317,1745962
41,317,1814703
41,317,377932
41,317,665358
41,317,744518
41,317,869644
41,320,1443301
41,320,1525705
41,320,402202
41,33,1502129
41,33,393192
41,354,1033598
41,354,1062502
41,354,1342219
41,354,291927
41,354,466577
41,358,1400127
41,360,744651
41,384,397655
41,387,1004604
41,387,1303511
41,387,1767943
41,387,1829694
41,387,303095
41,387,636806
41,389,298852
41,389,695596
41,402,158685
41,407,628911
41,445,234112
41,445,871641
41,445,877186
41,475,20895
41,501,664242
41,53,1756681
41,53,715313
41,53,861380
41,579,1715032
41,579,1791373
41,583,1023437
41,583,1041926
41,583,1180175
41,583,1193578
41,583,1290836
41,583,1421588
41,583,1601362
41,583,1609894
41,583,1736094
41,583,1742864
41,583,1830135
41,583,1874501
41,583,282994
41,583,391434
41,583,422449
41,583,433889
41,583,572646
41,583,582516
41,583,777085
41,583,777211
41,583,848529
41,589,1192935
41,589,1654976
41,589,775513
41,591,249436
41,591,426386
41,591,555244
41,591,886568
41,605,1018828
41,605,1879659
41,605,359989
41,605,963985
41,607,1275171
41,609,1456413
41,61,275450
41,61,436812
41,75,1408225
41,75,1812282
41,75,564967
41,9,250316
42,182,390237
42,232,1380929
42,319,377185
42,349,553673
42,464,718011
43,132,1453284
43,132,44627
43,132,507000
43,132,732989
43,150,126616
43,177,1638209
43,202,555659
43,217,1446597
43,250,273800
43,273,1314288
43,311,387203
43,319,332671
43,319,69804
43,331,441495
43,339,949098
43,349,1843538
43,354,1492930
43,373,497018
43,373,672790
43,394,222562
43,407,618101
43,41,1288696
43,414,88424
43,448,440815
43,454,697980
43,455,136656
43,455,1708851
43,464,1467725
43,464,1502625
43,53,658321
43,579,1163911
43,589,362975
43,61,1358936
43,78,1658976
43,99,117282
43,99,1267427
44,107,1815286
44,133,382990
44,160,1464548
44,197,1683068
44,258,638750
44,288,430066
44,30,1283977
44,30,1702297
44,30,882285
44,426,1014482
44,426,1479004
44,426,1588306
44,426,384971
44,464,1803910
44,481,1569364
44,573,1216547
44,583,1549649
44,583,1755863
44,583,1770074
44,583,1866242
45,165,786342
45,174,811279
45,354,153583
45,374,1392990
45,387,1468817
45,464,493408
45,501,1444771
46,169,724553
46,228,1175067
46,228,1325802
46,243,1519366
46,320,995551
46,360,1786215
46,387,664208
46,389,1602221
46,401,1245760
46,401,659197
46,414,687960
46,445,894679
46,446,12736
46,446,1377910
46,446,597765
46,464,855387
46,476,1486478
46,476,1773968
46,483,1258559
46,483,631961
46,565,167845
46,565,724031
46,565,738352
46,571,1754895
46,574,1373857
46,574,676739
46,579,1305081
46,609,689719
47,125,357772
47,133,1064721
47,133,1849392
47,133,1868625
47,162,1023913
47,174,1137000
47,174,1236754
47,174,1575790
47,174,189525
47,174,44955
47,174,621689
47,174,788557
47,225,814746
47,251,1350228
47,285,225454
47,295,1021972
47,348,288011
47,354,66278
47,371,1305576
47,374,1221561
47,374,1442214
47,374,150881
47,374,1800329
47,374,784755
47,446,1307319
47,446,1342153
47,449,1637022
47,45,162620
47,464,1069121
47,464,1289196
47,464,1303571
47,464,1632132
47,464,1746121
47,464,1750890
47,464,1799460
47,464,204744
47,464,240848
47,464,55201
47,464,632578
47,464,806714
47,464,818105
47,464,856259
47,50,793216
47,514,429354
47,53,1872475
47,54,1664271
47,549,776327
47,552,1149133
47,559,331150
47,565,265262
47,589,1301930
47,589,738168
47,61,1440111
47,61,235460
47,61,546422
47,61,925532
47,93,1852883
47,99,294106
48,125,1530140
48,128,70934
48,132,1246961
48,132,1265407
48,132,161424
48,132,393717
48,132,790752
48,132,799824
48,132,838928
48,132,842941
48,132,925984
48,162,1046890
48,162,1152743
48,163,1851766
48,163,325855
48,17,232367
48,177,1403209
48,189,185861
48,189,447551
48,189,690655
48,189,770762
48,189,907524
48,200,15505
48,202,1424718
48,202,1579075
48,202,1686596
48,202,22163
48,225,327555
48,236,1516795
48,247,1762943
48,267,1154246
48,275,248153
48,28,886332
48,295,1100965
48,3,992209
48,339,1120435
48,35,6344
48,354,5073
48,360,1882513
48,364,1775525
48,371,362859
48,373,115315
48,373,1287717
48,373,1358624
48,373,1658416
48,373,1826334
48,373,34490
48,387,113413
48,387,1601448
48,387,412702
48,387,564615
48,407,632432
48,414,1405497
48,437,624310
48,449,1156099
48,455,1224569
48,455,1883897
48,455,246671
48,455,251779
48,455,433334
48,464,1127840
48,464,1363214
48,464,1367555
48,464,1410131
48,464,1432596
48,464,1498893
48,464,1636483
48,464,1727835
48,464,710604
48,464,799640
48,464,950050
48,471,1006926
48,471,784854
48,478,1853496
48,496,717079
48,514,395866
48,514,817594
48,53,1526529
48,53,1807059
48,53,1810889
48,53,442465
48,53,524310
48,53,619374
48,53,822230
48,53,928008
48,559,1774231
48,579,1028378
48,579,1194697
48,579,1226395
48,579,1270194
48,579,1591729
48,579,164527
48,579,1784323
48,579,226970
48,579,243556
48,579,491524
48,579,512927
48,579,718374
48,579,869442
48,589,1211419
48,589,145810
48,589,1536767
48,607,1329722
48,607,231362
48,61,129231
48,61,703578
48,61,956074
48,61,960728
48,610,881738
48,94,1231626
48,94,511683
48,94,719678
48,99,1261152
48,99,557868
48,99,656870
48,99,8323
49,180,1745621
49,180,99022
49,258,102123
49,258,972408
49,317,1215909
49,317,1368212
49,317,1782296
49,354,1071587
49,354,1223052
49,354,1445764
49,354,1601782
49,354,663771
49,354,814808
49,387,1162193
49,387,1412091
49,387,1434791
49,387,1819625
49,387,513250
49,387,707784
49,509,1225235
49,509,212364
49,509,53468
49,583,1375745
49,583,1649635
49,583,209696
49,583,424464
49,583,465136
49,583,849495
49,583,849991
5,125,1195732
5,125,1722257
5,125,1827725
5,125,579498
5,125,618780
5,125,738926
5,125,981199
5,132,21323
5,134,1715534
5,140,1674804
5,151,264352
5,161,1717951
5,161,501648
5,215,1711916
5,215,329745
5,215,590176
5,215,704983
5,217,332212
5,217,332600
5,220,1187706
5,244,1598395
5,266,339133
5,267,591159
5,275,1283087
5,295,1086625
5,317,1321664
5,317,460843
5,319,1028067
5,319,1353906
5,319,1490891
5,319,1797952
5,319,272620
5,319,294170
5,319,347692
5,319,565328
5,319,612037
5,319,808344
5,319,847573
5,319,849462
5,319,882549
5,320,1183872
5,320,871431
5,33,581138
5,331,932197
5,334,1088473
5,334,1109538
5,334,1462238
5,334,316143
5,334,467817
5,339,204870
5,339,307684
5,339,346709
5,343,1061903
5,345,1537166
5,354,1343800
5,354,391692
5,354,676618
5,364,1651624
5,370,1694489
5,382,1481447
5,387,1531618
5,387,1568365
5,387,591436
5,387,793610
5,387,838771
5,387,966668
5,391,1678947
5,400,1824824
5,406,1320470
5,406,1723419
5,417,1808089
5,42,1383403
5,438,1133820
5,438,1846898
5,438,394513
5,438,779577
5,449,852179
5,454,1718637
5,454,560366
5,46,163727
5,462,431763
5,464,1032462
5,464,1101669
5,464,126222
5,464,1371738
5,464,1382923
5,464,1387847
5,464,1430556
5,464,1652810
5,464,1776733
5,464,23339
5,464,250618
5,464,307909
5,464,452563
5,464,470951
5,464,6267
5,464,849166
5,520,728582
5,53,1077336
5,53,1322567
5,53,1403249
5,53,1641794
5,53,1729559
5,53,1789362
5,53,1810092
5,53,358957
5,53,428109
5,53,872730
5,53,962305
5,559,221571
5,579,1491536
5,579,1588082
5,588,1086173
5,589,1048254
5,589,764495
5,591,1093921
5,591,1574177
5,606,1682021
5,607,439826
5,61,1069830
5,61,124828
5,61,808699
5,61,996831
5,99,1424283
50,33,1144198
50,33,1395550
50,360,1606423
50,360,664709
50,455,143230
50,455,1454414
50,579,1058060
50,579,333930
50,579,70337
50,99,1067097
50,99,1482944
51,163,1848739
51,322,808856
51,454,1804456
51,536,720395
51,547,1529599
51,583,1409845
51,583,977274
52,125,135830
52,132,1112144
52,132,1122536
52,132,1202401
52,132,1314678
52,132,649675
52,132,709097
52,132,788991
52,132,891021
52,202,1013810
52,202,1395727
52,202,143671
52,202,251919
52,202,73683
52,217,1099289
52,319,1089204
52,319,1545464
52,319,169886
52,319,197491
52,319,232372
52,319,424686
52,319,442707
52,319,543075
52,319,625226
52,319,735267
52,319,803094
52,319,805512
52,319,937352
52,319,965438
52,334,1024154
52,334,1055456
52,334,1170558
52,334,1288836
52,334,1488623
52,334,1667256
52,334,1697349
52,334,223523
52,334,287914
52,334,459319
52,334,688995
52,334,901038
52,334,931417
52,349,1866564
52,373,1124968
52,373,910877
52,387,1140813
52,387,1155223
52,387,150654
52,387,1517162
52,387,1690586
52,387,315127
52,387,573303
52,406,1232752
52,414,1421510
52,425,1792674
52,436,328710
52,464,101644
52,464,120252
52,464,1282393
52,464,1317998
52,464,172015
52,464,1744442
52,464,176281
52,464,1790420
52,464,1881382
52,464,361735
52,464,431722
52,464,596527
52,464,802711
52,464,814113
52,464,844926
52,464,961086
52,479,1541061
52,53,1186028
52,53,121687
52,53,1296039
52,53,1322380
52,53,1412324
52,53,1706901
52,53,1727623
52,53,1734083
52,53,1808609
52,53,184318
52,53,373691
52,552,1778364
52,579,1033903
52,579,1168649
52,579,1295765
52,579,1345201
52,579,1532778
52,579,1576976
52,579,1639390
52,579,1669343
52,579,1706233
52,579,1785730
52,579,382419
52,579,494381
52,579,617695
52,579,835453
52,579,837923
52,589,1010584
52,61,111376
52,70,1396000
52,93,873876
52,94,568383
53,125,1494401
53,317,1579934
53,428,1793262
53,53,1125401
54,107,642871
54,121,55147
54,149,34279
54,314,1210417
54,314,405026
54,343,329725
54,353,1804660
54,354,730925
54,355,812605
54,387,200147
54,387,23766
54,387,441575
54,387,461592
54,39,1470624
54,401,986531
54,44,89373
54,455,650008
54,464,1049610
54,464,314705
54,464,481917
54,464,883491
54,507,644055
54,512,747157
54,53,1244905
54,53,1862780
54,53,567471
54,550,1023466
54,550,340611
54,550,752438
54,566,1464078
54,579,1629246
54,579,27578
54,579,440089
54,588,916421
54,66,896991
54,96,825895
55,101,319399
55,132,103174
55,153,358520
55,154,553987
55,174,898474
55,177,1645813
55,177,831017
55,201,325028
55,21,1372851
55,210,1181361
55,253,628565
55,276,274328
55,295,441059
55,295,937575
55,315,1073554
55,315,1562889
55,315,1854244
55,315,423991
55,315,696667
55,317,1441940
55,317,1589314
55,317,64064
55,319,1275259
55,319,1478156
55,319,52159
55,319,580874
55,319,769191
55,319,918376
55,320,1061977
55,33,877190
55,344,1035440
55,349,1836943
55,354,863871
55,354,937234
55,360,300825
55,360,890330
55,37,474656
55,385,1480169
55,387,1055689
55,387,790186
55,387,856352
55,39,114292
55,39,803764
55,392,210093
55,392,628165
55,392,907277
55,407,1721905
55,407,333555
55,414,1529202
55,428,574822
55,432,836351
55,435,46778
55,443,1797754
55,455,782108
55,455,939532
55,464,393033
55,464,537685
55,464,638848
55,464,904962
55,515,1717924
55,528,1069699
55,53,1000706
55,53,1044190
55,53,1215684
55,53,539297
55,53,691365
55,550,1170153
55,550,1266777
55,550,1535909
55,550,1721213
55,550,259294
55,550,644638
55,550,753144
55,550,762340
55,566,77297
55,567,1580958
55,574,813410
55,579,1771849
55,579,92019
55,579,985071
55,583,1378318
55,583,1832683
55,583,341877
55,589,1068669
55,591,1113737
55,591,1593308
55,609,1048594
55,609,1060111
55,609,175809
55,609,236826
55,609,270781
55,76,469089
55,92,1499785
55,99,1785272
56,202,904365
56,317,1260336
56,79,1435840
57,317,1190715
57,317,396493
57,317,563348
57,317,760802
57,354,1088264
57,354,1814919
57,387,1122245
57,387,59085
58,125,1591706
58,135,1236136
58,17,641781
58,177,302997
58,177,937207
58,216,650422
58,217,1275155
58,217,128651
58,217,553004
58,256,1622242
58,295,1595882
58,295,990285
58,317,1617066
58,319,1039992
58,319,1149925
58,319,1187098
58,319,1208280
58,319,1325502
58,319,1331265
58,319,1624333
58,319,1728271
58,319,1761757
58,319,179364
58,319,395272
58,319,668232
58,319,705976
58,319,847984
58,319,86328
58,319,971546
58,320,303610
58,327,100429
58,327,1199289
58,33,1043446
58,33,1125326
58,33,166259
58,33,1787679
58,33,335165
58,33,463753
58,334,1107974
58,334,1265649
58,334,148567
58,334,1709092
58,334,186123
58,334,351173
58,334,875264
58,334,928052
58,334,975410
58,339,1038377
58,339,538203
58,345,1503554
58,345,1747750
58,348,906461
58,354,1615679
58,358,1737038
58,363,1769070
58,376,42890
58,379,1618502
58,387,1616490
58,387,1760278
58,387,225496
58,387,535988
58,387,597345
58,387,857835
58,387,978984
58,394,283950
58,394,336242
58,398,1217073
58,406,1515591
58,406,277473
58,406,577765
58,406,962855
58,406,986999
58,416,438209
58,436,1740298
58,446,1510307
58,446,983898
58,451,1441641
58,451,1880898
58,454,1350263
58,454,1870983
58,464,1186605
58,464,1304266
58,464,14292
58,464,1434485
58,464,1600431
58,464,1653583
58,464,1720673
58,464,173620
58,464,1792069
58,464,349848
58,464,449836
58,464,454981
58,464,62164
58,464,623690
58,464,709609
58,464,815486
58,464,843090
58,464,894580
58,464,953055
58,464,958460
58,501,569437
58,520,1471133
58,53,1058096
58,53,1328999
58,53,1390455
58,53,1512044
58,53,1802726
58,53,1880266
58,53,412746
58,53,60821
58,53,630819
58,552,966496
58,559,1749278
58,579,1294922
58,579,1395960
58,579,1439562
58,579,146902
58,579,162829
58,579,1673878
58,579,1698121
58,579,1864649
58,579,253802
58,579,27535
58,579,40419
58,579,520545
58,579,590174
58,579,622188
58,579,627702
58,579,654722
58,579,824267
58,581,1734747
58,597,39949
58,597,42632
58,607,1099849
58,607,1163348
58,607,610731
58,61,1090303
58,61,1201755
58,61,1877675
58,61,721419
58,61,845152
58,93,1128353
58,93,219640
58,99,1550685
58,99,1874267
59,11,851000
59,112,710474
59,115,1635173
59,118,1145582
59,118,166707
59,118,1743990
59,118,1869384
59,118,770539
59,118,90098
59,2,1511516
59,201,1216108
59,223,1251032
59,223,1735353
59,234,172518
59,237,960576
59,249,1523902
59,262,1198397
59,262,1600889
59,262,551902
59,262,79519
59,262,992197
59,274,669056
59,325,805317
59,330,1446361
59,330,735939
59,339,175517
59,343,956963
59,351,1607173
59,351,599770
59,352,147084
59,352,712022
59,353,1362241
59,353,1747907
59,353,499838
59,353,967336
59,365,260596
59,37,1105157
59,37,1392375
59,37,1733837
59,37,699650
59,37,772472
59,37,785686
59,37,989723
59,381,1744549
59,382,606768
59,39,863326
59,401,641546
59,401,933899
59,401,938376
59,408,462621
59,443,533130
59,443,53932
59,455,653030
59,455,929132
59,464,1220124
59,464,1798255
59,490,51320
59,500,1604380
59,515,1066543
59,541,1004481
59,550,1416812
59,550,1557640
59,550,1665823
59,550,197713
59,550,388168
59,550,452441
59,550,490588
59,550,674080
59,552,1760360
59,557,733704
59,588,1529439
59,588,979457
59,591,298142
59,591,489504
59,6,1626247
59,66,89604
59,8,179584
59,93,624829
59,94,887807
59,96,40196
6,122,750469
6,125,314235
6,16,142794
6,16,17889
6,16,791795
6,162,577017
6,168,1855105
6,168,935372
6,174,1523248
6,240,149476
6,240,1795376
6,248,117365
6,248,1255911
6,248,1464171
6,248,449224
6,248,567374
6,262,1323004
6,27,1222176
6,27,1674585
6,27,1783426
6,27,283296
6,27,472254
6,354,1221968
6,354,1373034
6,354,1452368
6,354,1671631
6,354,185594
6,354,266944
6,354,613844
6,354,655579
6,354,709383
6,377,1057454
6,387,1141962
6,387,1245686
6,387,1577603
6,387,1747967
6,387,1886725
6,387,202548
6,387,277941
6,387,332779
6,387,415375
6,387,679539
6,387,784644
6,387,856712
6,401,172212
6,423,1878861
6,433,2078
6,443,1554526
6,443,296417
6,443,645452
6,443,650017
6,443,73172
6,451,1676078
6,455,1051768
6,455,1110999
6,455,1131940
6,455,1362066
6,455,1695194
6,455,1733292
6,455,1810107
6,455,1877319
6,455,398439
6,464,1037570
6,464,1222932
6,464,1263938
6,464,1341242
6,464,1671259
6,464,1767883
6,464,286718
6,464,29782
6,464,681917
6,464,983992
6,464,987297
6,477,1581778
6,477,606731
6,486,935593
6,511,454302
6,511,695762
6,515,463324
6,53,1327779
6,53,345002
6,53,608804
6,53,697292
6,53,814562
6,53,87712
6,552,1173264
6,552,1722721
6,566,499865
6,579,1147912
6,579,1316185
6,579,1822078
6,579,502538
6,579,615810
6,579,69780
6,579,802038
6,589,586985
6,61,1431063
6,61,1559992
6,69,1407013
6,74,656909
6,76,31500
6,85,842101
6,93,1660680
6,93,1823999
6,93,339790
6,93,598081
60,446,1816824
60,446,749290
60,53,362174
60,579,1671129
61,147,542564
61,199,700922
61,314,238649
61,317,1778701
61,33,657845
61,351,335729
61,351,959398
61,37,789143
61,407,175000
61,414,1092776
61,414,1137080
61,414,324337
61,414,791325
61,443,1774102
61,444,929097
61,455,1832212
61,53,1799860
61,550,522553
61,579,1436847
61,579,1441520
61,579,1843905
61,579,347188
61,579,57348
61,579,950769
61,607,1267094
61,61,1446035
61,61,185687
61,99,1747034
62,125,522130
62,232,1073116
62,317,122393
62,317,1241493
62,317,1581834
62,317,702703
62,317,795051
62,317,844530
62,319,1119662
62,33,137693
62,33,357954
62,33,706825
62,33,987227
62,354,1260522
62,354,1704482
62,354,1858837
62,354,292723
62,354,50141
62,354,92832
62,354,939109
62,387,1713811
62,387,1716266
62,387,1755375
62,387,1780538
62,387,37405
62,387,383530
62,387,667319
62,53,398629
62,579,1305190
62,579,1745305
62,579,1875345
62,579,300852
62,94,1660641
63,113,336576
63,174,236574
63,229,1816231
63,229,511890
63,295,1108264
63,295,1280438
63,33,1645364
63,33,457413
63,351,1254248
63,351,295114
63,351,524865
63,351,789031
63,403,390698
63,403,527177
63,414,1134565
63,414,1875921
63,443,988385
63,446,1457525
63,464,118656
63,464,1760709
63,464,398181
63,494,560498
63,497,636398
63,502,879496
63,53,1517669
63,53,8853
63,548,1835598
63,550,1837434
63,550,772579
63,550,981992
63,579,1377501
63,579,174441
63,579,354784
63,585,787024
63,589,1133382
63,597,1188624
63,597,773356
63,609,1851522
63,76,1298931
63,99,491159
64,193,1081510
64,317,1594290
64,317,700741
64,446,1871846
64,446,324916
64,552,809159
64,565,1236661
64,565,606433
64,565,915352
64,579,1297388
65,177,1337202
65,182,1193866
65,182,751030
65,266,1229901
65,349,1081218
65,349,1707066
65,387,817192
65,446,1334531
65,446,217020
65,53,531686
65,537,1519701
65,579,1753642
66,132,1362385
66,132,1760188
66,132,549664
66,132,665972
66,135,563833
66,186,1194379
66,186,997759
66,238,1028183
66,238,1640645
66,238,592971
66,310,1442380
66,331,1257189
66,331,1483823
66,331,745163
66,358,715239
66,417,109052
66,417,1302263
66,464,113971
66,464,47930
66,479,866184
66,494,222787
66,514,1589063
66,557,1538762
66,578,1640139
66,583,500344
66,64,1416338
66,76,1285882
66,76,1369492
66,76,376627
66,99,341425
67,254,59558
67,338,103574
67,338,154369
67,338,1657778
67,338,1667772
67,338,1721833
67,338,174152
67,338,1790833
67,338,363521
67,338,364406
67,338,597886
67,338,78479
67,372,627453
67,395,1565057
67,422,1230074
67,529,693978
67,556,1888550
67,556,888406
67,580,1837520
68,125,111569
68,125,1116742
68,140,1106154
68,151,28176
68,17,173224
68,217,1710161
68,262,549748
68,263,196521
68,31,697250
68,318,1243961
68,319,936860
68,339,333678
68,345,1064557
68,349,1512447
68,367,407486
68,387,385808
68,414,1802889
68,414,794354
68,414,822213
68,428,715005
68,449,1091158
68,449,1219064
68,499,369212
68,53,847213
68,53,889570
68,559,241940
68,588,603663
68,94,311282
68,99,1165003
69,1,1710800
69,125,1505205
69,125,209503
69,125,329377
69,125,587986
69,154,1213047
69,154,918971
69,156,807466
69,174,1580103
69,195,1352782
69,195,1378460
69,195,1403077
69,195,1424659
69,195,1472274
69,195,174616
69,195,246498
69,195,278606
69,195,292982
69,195,328007
69,195,387503
69,195,470431
69,195,667993
69,196,597577
69,208,147969
69,210,854853
69,253,1145216
69,256,964400
69,259,604741
69,262,582373
69,267,597114
69,312,801484
69,313,84174
69,317,531260
69,317,9575
69,319,290517
69,33,20304
69,33,467792
69,33,711753
69,33,741384
69,33,961971
69,337,400002
69,358,777111
69,37,106950
69,37,132981
69,37,1399269
69,37,1668807
69,37,1814884
69,37,1874032
69,37,240450
69,37,822041
69,37,84607
69,37,849581
69,37,87900
69,37,974418
69,385,55345
69,385,784612
69,387,1303290
69,387,1533203
69,387,1580261
69,387,1618802
69,387,1836240
69,387,380871
69,387,502924
69,387,951527
69,412,287484
69,415,1309470
69,415,1510389
69,415,1659300
69,415,168416
69,415,1753655
69,415,1866694
69,415,311017
69,415,524116
69,415,572102
69,415,872551
69,419,724649
69,44,1051326
69,443,715017
69,446,1331911
69,446,222693
69,446,309334
69,449,811382
69,455,523450
69,464,1222444
69,464,1262658
69,464,145430
69,464,1597605
69,464,165069
69,464,1661029
69,464,175436
69,464,179244
69,464,181596
69,464,550634
69,464,598591
69,464,611153
69,464,695965
69,464,791372
69,464,813084
69,464,852477
69,464,890771
69,464,957457
69,48,569534
69,494,1768324
69,494,786534
69,510,1781079
69,517,340462
69,518,1058925
69,521,1838542
69,53,1298270
69,53,1300564
69,53,1309682
69,53,1579447
69,53,1758770
69,53,1770528
69,53,3106
69,53,373237
69,53,510733
69,53,531025
69,53,900225
69,53,927645
69,534,1709323
69,534,737052
69,534,958182
69,550,1135300
69,550,1181648
69,550,1453367
69,550,1459067
69,550,1745568
69,550,1862633
69,550,266481
69,550,666671
69,550,695509
69,550,970541
69,552,1080450
69,552,1322986
69,552,1705897
69,552,1715144
69,552,277358
69,552,373371
69,552,436864
69,552,437756
69,552,480443
69,552,631671
69,552,877502
69,552,973734
69,552,973770
69,552,976334
69,566,1689958
69,567,600407
69,574,1462757
69,574,548112
69,579,1078916
69,579,1091863
69,579,1104010
69,579,1189537
69,579,1236605
69,579,1284469
69,579,1336739
69,579,1550007
69,579,1634250
69,579,1726526
69,579,202918
69,579,334453
69,579,737661
69,584,871188
69,597,1138642
69,597,125608
69,597,1348089
69,597,1452551
69,597,1522619
69,597,1606220
69,597,1668252
69,597,1733727
69,597,1831585
69,597,294704
69,597,464937
69,597,726124
69,597,787403
69,597,883503
69,597,922047
69,597,940471
69,607,1560960
69,607,1721182
69,66,756838
69,69,1325808
69,69,1327878
69,97,1791183
7,129,1576819
7,129,1780172
7,129,1845292
7,129,343833
7,129,479469
7,129,64750
7,129,661096
7,129,95359
7,140,101774
7,151,735367
7,175,111922
7,175,1135851
7,175,485919
7,262,1735504
7,315,1466449
7,315,1483949
7,315,1652530
7,315,1666533
7,315,323397
7,319,1046498
7,319,1245484
7,319,1347324
7,319,1368178
7,319,1437249
7,319,1682695
7,319,299694
7,319,379819
7,319,490287
7,319,590125
7,319,603721
7,319,743227
7,319,937497
7,319,946076
7,339,1685504
7,443,1113265
7,443,1310483
7,443,43354
7,455,236906
7,464,610925
7,464,616222
7,511,503029
7,550,1410617
7,588,123673
7,598,1823680
7,60,1046788
7,60,1163085
7,60,119842
7,60,1245187
7,60,1383913
7,60,1666053
7,60,173420
7,84,1118006
70,464,145319
70,464,1677711
71,124,1224172
71,124,1306158
71,124,1470949
71,124,1729189
71,124,1837140
71,124,221224
71,125,1722192
71,125,577300
71,125,823795
71,126,283229
71,136,247731
71,137,774131
71,137,9546
71,139,109987
71,139,1202837
71,139,1589647
71,139,198456
71,139,954913
71,139,976196
71,144,1441251
71,157,1182301
71,172,1351520
71,172,1549001
71,172,481672
71,172,578811
71,172,625071
71,172,979917
71,174,1089135
71,177,1745827
71,191,564451
71,207,1501163
71,22,165100
71,25,657309
71,255,1271409
71,289,135795
71,289,1662105
71,290,953537
71,314,1342841
71,330,16997
71,333,272275
71,346,405164
71,362,653299
71,37,1235049
71,38,479503
71,387,1345809
71,387,1787223
71,387,499366
71,387,792457
71,387,854213
71,387,879126
71,387,993666
71,39,924410
71,40,1206556
71,409,1637088
71,409,1643633
71,414,1762144
71,452,335891
71,460,503576
71,464,1239051
71,464,1439856
71,464,1562256
71,464,1626339
71,464,1764406
71,464,213122
71,464,264419
71,464,342859
71,464,517931
71,464,576003
71,464,791270
71,489,848178
71,497,1123338
71,53,1057509
71,53,1194189
71,53,1252760
71,53,1262436
71,53,1344525
71,53,135656
71,53,1424799
71,53,1539382
71,53,1548476
71,53,445888
71,53,574834
71,53,743378
71,53,962609
71,534,488128
71,559,1039039
71,566,17175
71,579,131628
71,579,1335325
71,579,1558552
71,579,1627214
71,579,186649
71,579,333573
71,579,356544
71,579,982146
71,597,1864785
71,601,1824562
71,607,543179
71,68,263479
71,91,915601
72,319,1218360
72,504,1018709
72,550,1375641
73,228,1105596
73,243,1041178
73,320,810957
73,401,1885840
73,446,25025
73,476,681653
73,53,1306701
73,53,1389733
73,571,1058665
73,579,715915
74,108,216049
74,108,721483
74,119,1155990
74,119,1592604
74,119,35492
74,119,461053
74,119,653582
74,190,10626
74,190,821568
74,190,868981
74,238,1410993
74,238,277615
74,238,603543
74,238,690501
74,26,16383
74,317,1160779
74,317,1425058
74,317,1503710
74,317,1656458
74,317,1701427
74,317,1779485
74,317,270267
74,317,309094
74,317,53508
74,317,73002
74,33,1286856
74,33,1825406
74,33,367408
74,33,712162
74,354,1556236
74,369,153706
74,385,1365627
74,387,101336
74,387,285242
74,387,730729
74,431,1061644
74,431,966665
74,455,1841992
74,485,753071
74,489,1053221
74,489,519962
74,53,1873708
74,552,1254873
74,566,1255042
74,566,1310684
74,566,1323835
74,566,14591
74,566,1712428
74,566,1767872
74,566,1827870
74,566,19732
74,566,420899
74,566,495455
74,579,1060063
74,579,1704031
74,579,439491
74,579,693390
74,579,924895
74,582,1418185
74,582,1691362
74,582,1778114
74,582,891005
74,59,254347
74,599,103794
74,600,117305
74,96,1272412
74,96,937055
75,109,648978
75,111,1293428
75,118,1323534
75,15,1575331
75,172,1004211
75,37,1002186
75,381,1153992
75,401,262383
75,427,1738095
75,443,1400670
75,443,1811723
75,455,1757549
75,455,388555
75,503,850900
75,53,1174045
75,53,283264
75,53,801114
75,572,1741554
76,125,1065471
77,132,1054972
77,132,1433375
77,132,293844
77,132,887629
77,208,769345
77,238,138647
77,238,1640573
77,295,1521756
77,317,596614
77,319,1372837
77,319,567900
77,331,44586
77,331,767827
77,331,851915
77,334,1244210
77,354,1603051
77,354,585139
77,358,659258
77,385,1174081
77,387,1115655
77,406,565119
77,417,1136869
77,417,1873973
77,433,790911
77,446,1587585
77,448,1079649
77,464,1697197
77,464,1799210
77,464,1881092
77,464,272809
77,464,462486
77,464,479689
77,464,602702
77,479,250496
77,494,163485
77,557,816634
77,558,1196235
77,560,1660456
77,560,709109
77,560,936454
77,597,1035245
77,597,1295986
77,597,1459662
77,597,462023
77,61,1160759
77,76,1061843
77,76,1338332
77,76,244534
77,99,74812
78,123,127201
78,125,1323229
78,125,310371
78,136,1226202
78,181,951637
78,212,469058
78,242,968616
78,252,539645
78,321,1515973
78,391,503557
78,402,1836728
78,424,1784269
78,479,1054227
78,53,1322451
78,53,1365441
78,550,745056
78,574,413223
78,583,176302
78,588,23956
78,93,1433402
79,373,1809977
79,53,1288259
79,565,967595
79,579,1461877
79,579,679089
8,317,20496
80,132,1848900
80,133,1085158
80,17,901301
80,217,508810
80,225,928263
80,278,1101716
80,278,1841979
80,283,24936
80,295,437157
80,317,1004188
80,317,1051169
80,317,1144058
80,317,1186053
80,317,1373936
80,317,1403433
80,317,1514479
80,317,1516044
80,317,1651266
80,317,1834599
80,317,272948
80,317,330474
80,317,340095
80,317,411812
80,317,496930
80,317,52930
80,317,591297
80,317,749841
80,317,766512
80,317,821092
80,317,919807
80,317,920447
80,317,987604
80,322,414866
80,327,1424695
80,33,1470121
80,33,711908
80,349,7678
80,354,724013
80,367,755268
80,373,1173335
80,387,1090825
80,387,1601777
80,387,572600
80,394,1509409
80,406,1736932
80,414,836849
80,428,487005
80,439,1093640
80,439,736233
80,449,521720
80,457,926356
80,464,535235
80,509,1049362
80,509,1147847
80,509,1180486
80,509,526264
80,53,14768
80,53,1532259
80,53,858905
80,579,100029
80,579,1672748
80,583,1089
80,583,1116098
80,583,1123587
80,583,1139808
80,583,1143255
80,583,1157998
80,583,1202024
80,583,1248297
80,583,1482378
80,583,1510903
80,583,1601421
80,583,170551
80,583,1826400
80,583,247264
80,583,249699
80,583,318941
80,583,324890
80,583,524148
80,583,630290
80,583,798744
80,583,811211
80,583,870673
80,583,96947
80,589,227470
80,589,332326
80,61,911752
80,72,541648
80,99,1820637
80,99,656645
81,126,1352410
81,137,896160
81,144,215403
81,145,1135371
81,151,1748354
81,167,875410
81,169,1202728
81,174,1154243
81,174,1332440
81,174,1739791
81,174,1879710
81,174,464167
81,174,707604
81,174,749709
81,174,851660
81,176,266843
81,18,310012
81,183,1610354
81,183,727707
81,187,1745516
81,194,1063425
81,209,1328621
81,213,1470944
81,217,1388913
81,217,1613284
81,223,883184
81,231,585525
81,252,1563494
81,256,1500998
81,256,351842
81,256,771547
81,257,1049086
81,259,527579
81,262,1501300
81,262,541563
81,275,1192782
81,275,778517
81,279,1477607
81,279,373933
81,279,855139
81,287,201258
81,295,246783
81,296,1588659
81,314,184723
81,314,1862521
81,314,617736
81,314,847976
81,314,902154
81,314,992899
81,320,1751765
81,324,41037
81,33,1172633
81,33,1304143
81,33,1671672
81,33,412683
81,33,615769
81,33,647793
81,33,813187
81,33,942046
81,336,495896
81,343,384639
81,344,1206236
81,344,93837
81,353,573644
81,37,384725
81,380,1355845
81,385,1340058
81,385,777047
81,387,1146415
81,387,1431008
81,387,1796975
81,387,309791
81,39,1274161
81,39,1335570
81,39,1570391
81,39,1598461
81,39,210484
81,39,446558
81,39,721904
81,39,748560
81,39,822876
81,39,919465
81,410,1494804
81,410,868927
81,412,1101721
81,414,797890
81,415,753752
81,415,800454
81,421,1351997
81,430,1347568
81,433,201191
81,433,624950
81,441,1608797
81,443,160526
81,443,1857594
81,443,726920
81,450,1646699
81,455,1543171
81,455,240784
81,455,76383
81,464,1062119
81,464,1234317
81,464,126672
81,464,1388965
81,464,1397723
81,464,14004
81,464,147951
81,464,1752273
81,464,1803255
81,464,388988
81,464,392001
81,464,396569
81,464,418442
81,464,434112
81,464,448672
81,464,918510
81,464,969358
81,472,1539031
81,473,686758
81,494,122387
81,494,999605
81,499,1158182
81,501,1869973
81,507,1642058
81,507,737126
81,508,1440724
81,511,1752825
81,525,484228
81,53,1160691
81,53,1716512
81,53,1747235
81,53,1821466
81,53,293111
81,53,31006
81,53,593685
81,53,729606
81,539,1863761
81,550,1111859
81,550,1634001
81,550,184834
81,550,409767
81,552,1081970
81,552,6145
81,552,6396
81,566,1015226
81,566,1024564
81,566,1480057
81,566,1603257
81,566,1620180
81,566,1835537
81,566,236026
81,566,498236
81,566,861993
81,574,221509
81,574,809499
81,579,1143388
81,579,1164926
81,579,1238456
81,579,1267420
81,579,1280062
81,579,1564069
81,579,1581721
81,579,1705823
81,579,1727585
81,579,1742878
81,579,1747662
81,579,1787926
81,579,213179
81,579,590794
81,579,846930
81,588,1345789
81,588,1426980
81,588,1603422
81,588,511947
81,591,1836678
81,593,298445
81,609,798284
81,70,1715381
81,76,72356
81,77,103631
81,77,688475
81,81,422827
81,97,1286927
82,417,1850569
82,417,495042
82,417,681713
82,417,934159
83,387,294226
83,449,749686
84,119,1259720
84,119,1286123
84,119,1457362
84,119,563290
84,119,700469
84,125,505853
84,142,28189
84,142,646948
84,144,673918
84,179,1187528
84,185,781242
84,190,1381331
84,206,1260547
84,238,1432644
84,238,314588
84,291,1129818
84,298,82236
84,303,1797802
84,305,1114660
84,317,1048211
84,317,1089338
84,317,1648218
84,317,1743074
84,317,665773
84,317,89036
84,33,1220847
84,33,1500797
84,33,279008
84,340,839979
84,354,1015994
84,354,171170
84,354,342539
84,369,1199791
84,385,1350855
84,385,823220
84,387,526505
84,387,527239
84,387,700554
84,387,923897
84,412,950964
84,417,1666905
84,433,589615
84,455,371939
84,455,702562
84,455,817889
84,485,1656675
84,49,1482308
84,498,1328630
84,53,1095513
84,554,155159
84,561,473855
84,570,302397
84,576,258936
84,579,135551
84,579,136495
84,579,64287
84,582,1327532
84,582,338684
84,582,614150
84,59,185513
84,82,1059025
85,162,1455126
85,247,1217395
85,295,340537
85,339,1249694
85,339,282560
85,339,916232
85,354,478805
85,387,1002168
85,387,1609820
85,414,1738486
85,414,887235
85,454,1110815
85,454,1731003
85,454,85472
85,468,1795134
85,53,93584
85,559,1846066
85,559,730877
85,579,1268246
85,579,879969
85,579,880556
85,591,238411
85,607,1824338
85,99,718398
86,295,103364
86,295,305575
86,295,71175
86,339,1667669
86,339,420481
86,454,1619300
86,520,977849
86,579,678928
86,609,510475
86,61,1191706
86,61,1236868
86,61,432234
86,99,1553547
86,99,1579815
87,105,1217819
87,105,611975
87,232,1228920
87,232,1607516
87,232,1641257
87,232,1657158
87,232,383925
87,232,704794
87,317,1104161
87,317,112960
87,317,1179328
87,317,1396484
87,317,184306
87,317,991114
87,319,1198626
87,319,1205940
87,319,1257390
87,319,1611833
87,319,1625576
87,319,1847181
87,319,340551
87,319,511434
87,319,590017
87,319,603324
87,319,854020
87,319,921126
87,354,149623
87,354,1823257
87,354,461151
87,354,651426
87,354,794879
87,354,951715
87,387,1252643
87,387,1551163
87,387,341368
87,387,36134
87,387,472044
87,387,627581
87,406,1094465
87,406,116242
87,406,1301884
87,406,1855406
87,406,360806
87,406,716274
87,414,279258
87,449,1506260
87,449,1535116
87,449,1804167
87,449,1870097
87,449,239227
87,449,312761
87,449,633361
87,449,822761
87,93,615560
87,93,771656
88,107,930090
88,125,1595296
88,125,535962
88,126,606949
88,131,1812819
88,133,5891
88,140,434538
88,145,1403612
88,147,748490
88,148,123877
88,149,1209985
88,163,188563
88,183,1281510
88,222,1790432
88,223,166221
88,225,773744
88,239,558041
88,256,1159057
88,256,39819
88,262,102272
88,262,1467411
88,262,70654
88,266,1587035
88,267,201332
88,28,1022855
88,28,415533
88,314,1734997
88,314,977021
88,314,993062
88,317,1416514
88,317,1471979
88,317,1513901
88,317,769685
88,319,1735393
88,320,1100878
88,321,272626
88,33,1102931
88,33,1303575
88,33,7398
88,33,972884
88,332,1242428
88,341,1254308
88,351,1136618
88,354,1281299
88,354,1373536
88,354,1654176
88,354,1689266
88,360,252599
88,381,384364
88,387,1159780
88,387,1230725
88,387,1467142
88,387,332967
88,387,539790
88,39,1354794
88,39,1856848
88,401,1378127
88,401,729739
88,407,1570806
88,414,1092757
88,414,1811197
88,415,329605
88,415,439864
88,42,1494497
88,421,733748
88,429,1518765
88,436,1364088
88,443,1225432
88,449,1834116
88,450,345268
88,451,633133
88,454,881639
88,455,1565044
88,455,231924
88,455,933896
88,464,1049002
88,464,1258563
88,464,1300954
88,464,1401194
88,464,1478610
88,464,205003
88,464,266731
88,464,280561
88,464,358369
88,464,385515
88,464,435182
88,464,445714
88,464,461906
88,464,66543
88,464,731201
88,464,847839
88,466,605886
88,501,1168651
88,507,1137406
88,507,1874986
88,507,465446
88,507,61041
88,512,1513931
88,512,1885159
88,512,554115
88,512,565469
88,512,604406
88,514,1766773
88,522,426095
88,526,1791146
88,53,1165957
88,53,1176293
88,53,1253060
88,53,1573072
88,53,1718921
88,53,183616
88,539,1857131
88,550,1422705
88,550,1427060
88,550,1660389
88,550,1742670
88,550,18499
88,550,883577
88,552,1045904
88,552,1107497
88,552,1317119
88,552,1588353
88,552,1625022
88,559,842073
88,566,267344
88,574,1733232
88,577,648218
88,579,1075271
88,579,1107668
88,579,1305009
88,579,1380693
88,579,1485618
88,579,433367
88,579,488847
88,579,937531
88,579,986324
88,58,286138
88,58,694124
88,588,1121507
88,588,1234597
88,591,158965
88,591,640385
88,607,489106
88,62,1177072
88,67,1865056
88,67,923120
88,72,687390
88,74,1521890
88,81,778161
88,93,1420605
88,95,1782678
88,99,1468092
88,99,1525814
89,414,1535475
89,559,764253
9,193,1159266
9,446,20229
9,552,1714523
9,565,972490
90,117,1061787
90,117,204491
90,117,25286
90,132,1793627
90,136,1713876
90,144,1330965
90,159,878635
90,171,746814
90,171,919198
90,177,1295644
90,208,1701641
90,208,771028
90,217,870791
90,232,1237518
90,238,1207582
90,238,1235121
90,238,1375410
90,238,1675626
90,238,1873286
90,238,215563
90,238,603771
90,238,645016
90,238,777059
90,238,955316
90,246,1290053
90,295,380609
90,302,61195
90,311,1727424
90,317,1195332
90,317,953665
90,319,742118
90,33,1192487
90,33,1300846
90,33,1394921
90,33,1712526
90,33,305126
90,33,759643
90,33,845838
90,334,197807
90,350,1654374
90,367,676650
90,385,1429872
90,385,312260
90,387,1352341
90,387,1352453
90,387,166183
90,387,246690
90,387,689029
90,394,483063
90,396,116119
90,409,536445
90,433,1504607
90,446,1313687
90,456,1171622
90,456,986611
90,464,1146472
90,464,1167131
90,464,1262868
90,464,1656424
90,464,21423
90,464,419065
90,464,423095
90,464,913282
90,479,334368
90,482,528661
90,494,1009956
90,518,250503
90,53,1026591
90,53,1492333
90,53,303107
90,53,320411
90,53,895329
90,552,1609486
90,553,1610351
90,557,336387
90,558,1196526
90,558,1213876
90,558,1846788
90,558,209227
90,558,338317
90,558,764279
90,560,1751093
90,579,1052396
90,579,1068796
90,579,1224339
90,579,1368293
90,579,1393223
90,579,1419028
90,579,1550172
90,579,15998
90,579,60217
90,579,651790
90,579,766967
90,579,890851
90,583,762848
90,597,1198671
90,597,1347450
90,597,1704165
90,597,241281
90,597,380237
90,597,438000
90,597,559406
90,597,645151
90,597,670130
90,597,784248
90,597,83727
90,607,1110005
90,607,1203866
90,61,962213
90,76,1083192
90,76,110468
90,76,1204753
90,76,1231260
90,76,1430372
90,76,1617769
90,76,1730588
90,76,1851323
90,76,305230
90,76,721445
90,93,1463741
90,99,317364
91,180,304733
91,180,913220
91,258,1572290
91,258,453727
91,317,1280763
91,317,435158
91,317,612387
91,354,1130423
91,354,1263879
91,354,1291045
91,354,1669209
91,354,289249
91,354,771150
91,354,81990
91,387,1548529
91,387,1577495
91,387,1708645
91,387,1809233
91,387,363826
91,387,61805
91,387,703365
91,414,599889
91,509,1346530
91,509,1530086
91,583,1027632
91,583,1256860
91,583,152623
91,583,1780739
91,583,769049
91,583,800718
91,583,96090
91,583,961425
92,125,1604684
92,53,1305270
93,144,352458
93,144,450790
93,159,190051
93,20,990240
93,208,1117854
93,208,1483793
93,208,423308
93,208,771057
93,238,127727
93,238,1367146
93,238,619983
93,238,66474
93,238,886362
93,238,953637
93,259,1280113
93,28,1795167
93,28,1870917
93,28,23999
93,284,258920
93,311,1046839
93,311,1134943
93,311,1668217
93,32,1653152
93,32,935760
93,33,1376465
93,33,1418731
93,33,1549464
93,33,1714024
93,33,193062
93,33,701395
93,344,1306188
93,344,1530989
93,354,1675596
93,366,1868718
93,385,1147181
93,385,1675696
93,387,1364122
93,387,1429817
93,387,151829
93,387,1533411
93,387,41004
93,387,640845
93,387,803892
93,387,924969
93,397,1448141
93,409,1156448
93,417,506257
93,433,12581
93,433,44340
93,433,562729
93,454,1826643
93,456,1133332
93,464,101098
93,464,1304922
93,464,360727
93,53,1180816
93,53,1633023
93,53,1685645
93,53,1720564
93,53,231741
93,53,299365
93,53,346259
93,557,1581359
93,557,509481
93,557,916844
93,558,1398485
93,558,631583
93,558,741716
93,560,1849073
93,560,78836
93,560,832395
93,579,1013141
93,579,1030269
93,579,1054030
93,579,1202967
93,579,12770
93,579,1798701
93,579,1815685
93,579,469278
93,579,577606
93,579,841995
93,579,913520
93,588,732246
93,589,301317
93,591,1292775
93,597,1204329
93,597,1648414
93,597,398394
93,597,492054
93,597,736969
93,597,741004
93,597,762983
93,597,986868
93,76,1031610
93,76,1066771
93,76,1171761
93,76,130040
93,76,1418433
93,76,1488405
93,76,281019
93,76,9000
93,76,936722
93,76,968848
93,86,624781
93,86,830143
93,90,1718926
94,464,1079019
94,464,1220543
94,464,1339243
94,464,1492600
94,464,1560433
94,464,1790619
94,464,1828243
94,464,1879719
94,464,28513
94,464,357976
94,464,512387
94,464,583759
94,464,590181
94,464,612050
94,464,679329
94,464,690249
94,464,721252
94,464,809273
94,464,883306
94,464,97862
94,552,961153
95,125,1530126
95,125,513265
95,216,224261
95,225,6647
95,278,1404033
95,293,533743
95,317,1802277
95,387,1508908
95,387,490007
95,387,505804
95,387,763554
95,420,1560848
95,451,510986
95,464,1834873
95,464,212416
95,464,213341
95,464,248628
95,464,532182
95,464,62642
95,464,73747
95,464,909319
95,487,1568323
95,514,1732843
95,519,1264906
95,53,1570230
95,53,761323
95,53,83264
95,552,1074898
95,579,1078881
95,579,1186919
95,579,1255644
95,589,1381187
95,589,1498215
95,589,561438
95,61,1716806
95,61,1750132
95,61,787659
95,61,962983
95,93,269756
95,93,93015
95,93,959791
96,360,1651017
96,360,687090
96,542,1443185
96,542,426517
96,579,171629
96,579,295012
97,317,1257128
97,446,1309919
97,464,902037
97,565,1298593
97,565,572158
98,583,1161317
98,583,1387134
98,583,618986
98,583,904154
99,125,793323
99,317,1583790
99,317,512817
99,317,732151
99,53,665356
